


[?25l[0m [38;2;0;0;0m                            [0m [38;2;123;10;10m▁[38;2;214;5;4m▂[38;2;210;4;5m▄[38;2;91;8;8;48;2;190;9;9m▚[0m[38;2;80;15;14m▏           [7m[38;2;108;10;10m▊[0m[38;2;216;7;7m▖  [0m
 [38;2;0;0;0m                          [0m [38;2;221;4;4m▄[38;2;248;1;2;48;2;102;8;7m▆[38;2;139;6;6;48;2;243;3;2m▗[0m[7m[38;2;221;4;3m▄[38;2;154;8;8m▆[0m [38;2;8;8;8m     [38;2;212;14;13m▗[38;2;81;8;9m▏   [0m [38;2;154;6;6m▃[38;2;89;8;8;48;2;239;3;3m▘[0m[38;2;183;7;7m▋[0m [38;2;8;7;7m [0m
 [38;2;0;0;0m                         [38;2;129;8;8m▗[38;2;125;8;10;48;2;246;2;1m▘[48;2;252;0;0m [38;2;58;7;6;48;2;230;4;4m▗[0m  [38;2;8;8;8m      [38;2;168;9;8m▗[38;2;247;2;2;48;2;228;4;3m┊[0m[38;2;151;10;10m▍   [7m[38;2;161;9;9m▌[38;2;234;4;4m▗[38;2;147;6;7m▅[0m [38;2;8;8;8m  [0m
  [38;2;0;0;0m╾[38;2;39;10;0m▁[0m [38;2;5;4;4m         [38;2;147;13;11m▗[38;2;108;15;15m╴      [38;2;72;13;13m▁[0m [38;2;8;8;8m [0m [7m[38;2;224;6;6m▍[0m[38;2;51;5;5;48;2;252;0;0m  [38;2;67;8;7;48;2;238;4;3m▝[0m[38;2;223;6;4m▂[7m[38;2;167;9;10m▘[0m [38;2;39;6;6m    [38;2;173;11;12m▗[7m[38;2;207;6;6m▁[38;2;189;6;7m▄[0m [38;2;8;8;8m   [38;2;185;15;17m▝[0m [38;2;8;8;8m    [0m
 [38;2;0;0;0m  [7m[38;2;43;8;0m▉[0m[38;2;64;5;0;48;2;199;11;0m▝[0m[38;2;27;3;0m▖       [7m[38;2;64;9;8m▉[0m[38;2;128;12;12;48;2;203;9;8m▏[0m [38;2;7;7;7m     [7m[38;2;97;8;8m▉[0m[38;2;190;12;11;48;2;70;7;7m▋[0m [38;2;8;8;8m [0m [38;2;35;4;4;48;2;220;5;5m▎[48;2;252;0;0m    [38;2;248;1;1;48;2;201;7;7m▉[0m[38;2;196;5;4m▃[38;2;159;8;6m▂[38;2;204;4;5m▄[38;2;142;9;9m▌ [7m[38;2;65;11;12m▇[0m  [38;2;8;8;8m [38;2;157;10;13m▗[38;2;125;8;9m▖       [0m
 [38;2;0;0;0m [0m [38;2;19;4;2;48;2;198;11;0m▋[38;2;250;3;0;48;2;252;0;0m╶[0m[38;2;15;2;1m┫       [0m [38;2;99;8;8;48;2;230;5;4m▖[38;2;36;4;4;48;2;215;5;5m▝[0m[38;2;77;8;8m▁  [38;2;84;8;7m▁[0m  [38;2;130;6;5;48;2;238;5;4m▎[0m[7m[38;2;225;3;3m▝[0m[38;2;186;7;6m▃[38;2;218;4;3m▃[38;2;251;1;0;48;2;236;2;2m┈[48;2;252;0;0m     [38;2;110;8;8;48;2;232;3;3m▁[0m[7m[38;2;213;4;3m▃[0m[38;2;247;2;2;48;2;230;4;4m┊[0m[38;2;128;10;10m▘ [0m [38;2;195;9;10m▅[38;2;101;9;10m▍[0m [7m[38;2;182;9;10m▘[0m[38;2;162;10;11m▘[38;2;109;11;10m▁[0m [38;2;8;8;8m   [0m [38;2;88;15;17m▖[0m
 [38;2;0;0;0m  [38;2;38;6;1m▝[38;2;23;4;1;48;2;162;4;1m┒[38;2;3;3;3;48;2;154;8;0m▝[0m [38;2;4;4;4m       [38;2;124;9;8m▝[38;2;94;7;6;48;2;242;3;3m▖[38;2;83;7;7;48;2;238;4;4m▝[0m[38;2;80;8;8m▏ [7m[38;2;108;8;8m▋[0m[38;2;237;4;3;48;2;123;7;7m▆[38;2;248;1;2;48;2;134;7;8m▆[48;2;252;0;0m [38;2;252;0;0;48;2;252;0;1m▇[48;2;252;0;0m      [38;2;252;0;1m╷[38;2;49;6;6;48;2;226;5;4m▗[0m[38;2;184;12;13m▗[38;2;66;9;9m▏[38;2;109;14;12m▘ [0m [7m[38;2;207;6;5m▘[0m[38;2;253;1;0;48;2;250;2;2m╴[0m[7m[38;2;154;7;6m▝[0m [38;2;162;17;16m▘[0m [38;2;48;5;4;48;2;204;8;7m▎[0m[38;2;230;5;6m▖  [0m [38;2;65;7;7;48;2;195;9;8m▘[0m[38;2;100;11;10m▏[0m
  [38;2;7;7;7m  [0m [7m[38;2;64;5;1m▅[0m[38;2;25;6;1;48;2;17;5;4m╲[0m[38;2;172;9;10m▄[38;2;104;9;9m▂[0m [38;2;8;8;8m   [0m [38;2;112;13;11m▃[7m[38;2;151;7;5m▉[0m[38;2;201;14;12;48;2;248;2;1m▏[38;2;218;6;5;48;2;64;5;4m▋[0m[38;2;149;9;9m▄[7m[38;2;98;6;6m▊[0m[38;2;208;11;11;48;2;248;2;2m▏[48;2;252;0;0m         [38;2;252;0;1m╹[38;2;246;2;2;48;2;131;5;4m▆[38;2;252;0;0;48;2;246;2;2m┈[0m[7m[38;2;195;4;4m▝[0m[38;2;222;4;3m▄[38;2;237;3;3m▅[38;2;244;2;2;48;2;132;7;7m▇[48;2;252;0;0m  [38;2;238;4;2;48;2;110;9;7m▊[0m  [7m[38;2;194;5;5m▘[0m[38;2;252;1;0;48;2;249;1;1m┊[38;2;63;8;7;48;2;210;7;6m▗[0m [38;2;8;8;8m [0m [38;2;91;6;6;48;2;233;5;5m▎[0m[38;2;198;6;7m▌[0m
[7m[38;2;133;12;12m▝[0m  [38;2;134;14;14m▂[0m   [38;2;105;7;6m▝[38;2;48;4;4;48;2;217;7;7m▖[0m[38;2;223;4;3m▅[38;2;104;7;7m▖[0m  [38;2;8;8;8m [38;2;115;15;14m▗[38;2;31;2;2;48;2;84;10;9m▇[38;2;164;18;17;48;2;243;4;3m▏[38;2;248;0;1;48;2;208;5;6m▇[38;2;239;4;4;48;2;169;10;11m▉[38;2;56;1;0;48;2;217;5;4m▘[38;2;252;0;0;48;2;251;0;0m┈[48;2;252;0;0m     [38;2;243;2;2;48;2;184;1;1m▉[38;2;251;1;0;48;2;234;2;2m┊[48;2;252;0;0m [38;2;187;10;9;48;2;250;1;1m▁[38;2;52;4;4;48;2;233;3;3m▂[38;2;51;1;2;48;2;230;5;4m▖[48;2;252;0;0m   [38;2;192;4;3;48;2;248;1;1m▁[38;2;252;0;0m┊[48;2;252;0;0m [38;2;250;1;0m╺[0m[38;2;184;7;7m▋[0m [38;2;199;12;13m▗[7m[38;2;203;6;5m▗[38;2;173;8;8m▅[0m[38;2;139;8;8m▗[38;2;221;10;8m▖  [38;2;194;9;7m▝[38;2;234;6;6;48;2;108;10;10m▊[0m
[38;2;165;9;8m▝[38;2;219;7;6;48;2;101;8;8m▚[0m[38;2;133;9;8m▖[38;2;171;11;10;48;2;25;4;4m▝[0m[7m[38;2;160;9;9m▝[0m[38;2;45;5;5;48;2;106;9;10m▍[0m[38;2;191;9;7m▄[38;2;137;6;6m▃[7m[38;2;47;5;5m▉[0m[38;2;75;4;4;48;2;227;5;5m▖[38;2;230;3;3;48;2;143;6;5m▉[0m[38;2;83;7;6m▖[38;2;135;12;11;48;2;52;7;7m▚[0m[38;2;151;9;8m▖[7m[38;2;220;7;6m▍[0m[38;2;12;0;0;48;2;177;6;5m▝[38;2;44;1;1;48;2;180;6;5m▖[38;2;252;0;0;48;2;251;1;1m┊[38;2;251;0;0;48;2;252;0;0m╷[38;2;245;3;2m▁    [38;2;155;6;6;48;2;242;2;2m▁[38;2;83;4;4;48;2;232;4;3m▄[38;2;227;5;4;48;2;89;6;5m▃[38;2;102;6;5;48;2;216;10;10m▌[38;2;89;5;5;48;2;219;5;4m▅[38;2;214;5;5;48;2;59;3;3m▄[38;2;244;2;2;48;2;87;8;7m▆[38;2;74;0;0;48;2;174;11;10m┃[38;2;245;4;4;48;2;251;0;0m▏[48;2;252;0;0m [38;2;252;0;0;48;2;250;1;1m┈[38;2;218;7;8;48;2;54;3;3m▘[38;2;206;7;6;48;2;41;2;2m▝[38;2;251;1;0;48;2;239;2;2m┊[38;2;252;0;0;48;2;251;0;0m▇[38;2;245;2;2;48;2;198;6;6m▉[0m[38;2;163;11;11m▅[38;2;231;6;7;48;2;128;8;8m▊[0m [38;2;108;13;13m▃[7m[38;2;193;6;5m▎[0m[38;2;252;0;0;48;2;238;2;2m╴[0m[38;2;161;9;9m▖ [38;2;57;10;9m╺[38;2;172;15;16m▘[0m
[38;2;2;2;2m▁[0m [7m[38;2;97;9;8m▄[0m [7m[38;2;139;6;6m▖[0m[38;2;246;2;2;48;2;168;8;5m▇[38;2;252;0;0;48;2;242;2;1m╴[38;2;130;7;7;48;2;240;4;4m▗[0m[7m[38;2;146;9;10m▝[0m[38;2;113;7;5m▝[38;2;120;7;5;48;2;242;3;3m▖[0m[38;2;166;10;8m▌[0m [7m[38;2;172;7;7m▖[0m[38;2;236;3;3;48;2;168;4;4m▇[48;2;252;0;0m [38;2;242;2;2;48;2;125;6;6m▆[38;2;158;8;9;48;2;241;3;2m▘[38;2;251;0;0;48;2;252;0;0m╴[38;2;231;4;4;48;2;124;5;5m▊[38;2;31;2;1;48;2;199;6;6m▅[38;2;34;4;3;48;2;216;6;6m▃[38;2;85;8;9;48;2;222;4;3m▅[38;2;244;3;2;48;2;224;4;4m┊[38;2;179;9;10;48;2;88;4;4m▚[38;2;245;2;2;48;2;172;6;6m▇[48;2;252;0;0m [38;2;55;7;6;48;2;219;5;4m▝[38;2;125;5;6;48;2;244;2;2m▘[48;2;252;0;0m [38;2;251;0;1;48;2;231;9;9m▉[38;2;141;6;6;48;2;227;9;11m▊[38;2;149;7;7;48;2;250;1;2m▂[38;2;250;1;0;48;2;225;2;2m┈[38;2;252;0;1;48;2;249;1;2m┊[38;2;246;2;1;48;2;115;6;5m▇[38;2;250;1;1;48;2;162;12;11m▇[38;2;252;0;0;48;2;242;1;1m┈[48;2;252;0;0m [48;2;250;1;1m╴[38;2;120;6;6;48;2;212;6;6m▝[38;2;95;3;4;48;2;234;6;5m▖[0m[7m[38;2;176;7;7m▝[38;2;156;7;6m▖[0m[38;2;244;2;2;48;2;171;6;6m▇[38;2;252;0;0;48;2;251;1;1m┊[0m[38;2;170;9;8m▌   [0m
[38;2;30;6;3;48;2;163;13;0m▌[0m[38;2;188;10;0m▖ [38;2;5;4;4m▗[38;2;74;9;8m▃[7m[38;2;172;6;6m▅[38;2;189;3;3m▃[38;2;151;8;7m▅[0m[38;2;11;249;249;48;2;21;56;56m▗[38;2;10;228;229;48;2;34;21;21m▄[38;2;21;210;210;48;2;76;13;14m▆[38;2;12;181;183;48;2;93;45;45m▃[38;2;10;247;247;48;2;8;56;56m▇[38;2;8;239;238;48;2;12;37;37m▇[38;2;16;221;222;48;2;98;37;35m▖[38;2;164;3;3;48;2;236;2;3m▏[38;2;252;0;0;48;2;249;1;1m┈[48;2;250;1;0m┈[38;2;244;2;3;48;2;252;0;0m▁[38;2;251;1;1m╷[38;2;243;2;2;48;2;124;4;6m▇[38;2;228;3;4;48;2;33;2;4m▅[38;2;73;4;4;48;2;211;11;9m▋[38;2;252;0;0;48;2;233;4;5m▇[38;2;251;0;0;48;2;213;5;6m▇[38;2;252;0;0;48;2;252;0;1m▇[48;2;252;0;0m    [38;2;61;3;3;48;2;210;5;5m▗[38;2;183;13;12;48;2;82;7;7m▝[38;2;222;5;4;48;2;108;4;4m▃[38;2;252;0;1;48;2;249;1;1m┈[48;2;252;0;0m▃  [38;2;119;5;5;48;2;248;1;1m▂[38;2;18;0;1;48;2;238;3;4m▃[38;2;14;0;0;48;2;234;3;3m▃[38;2;147;4;2;48;2;238;3;3m▁[38;2;65;2;2;48;2;157;9;9m┃[0m[38;2;183;7;7m▊[38;2;213;8;7m▗[38;2;249;1;2;48;2;228;4;4m╴[0m[38;2;224;5;4m▘[38;2;123;9;10m▁[0m [38;2;8;8;8m  [0m
[38;2;47;8;1;48;2;224;6;0m▍[38;2;215;7;0;48;2;14;4;2m▌[0m [7m[38;2;2;1;1m▋[0m[38;2;51;2;2;48;2;221;10;9m▌[38;2;180;8;7;48;2;28;1;1m▌[0m[38;2;42;5;5m▄[38;2;3;27;26;48;2;24;182;181m▍[38;2;17;79;79;48;2;10;243;241m▄[38;2;1;10;9;48;2;8;249;247m▅[38;2;0;4;4;48;2;9;247;246m▅[38;2;2;20;20;48;2;10;250;249m▅[38;2;3;50;46;48;2;9;208;207m━[38;2;3;37;36;48;2;18;207;207m─[38;2;4;38;38;48;2;22;206;205m─[38;2;21;29;30;48;2;160;7;7m▌[38;2;243;3;3;48;2;207;8;7m▉[38;2;89;6;6;48;2;183;6;7m┓[38;2;138;7;6;48;2;212;6;5m┕[38;2;189;8;6;48;2;246;2;2m▏[48;2;252;0;0m  [38;2;252;0;0;48;2;224;5;5m▇[48;2;252;0;0m [38;2;128;7;7;48;2;243;2;3m▗[38;2;229;9;10;48;2;249;2;2m▏[38;2;99;4;4;48;2;204;7;6m┏[38;2;202;9;9;48;2;244;2;2m▏[48;2;252;0;0m [38;2;252;0;0;48;2;239;6;6m▉[38;2;163;14;13;48;2;50;3;2m▎[38;2;124;5;6;48;2;237;4;4m▘[38;2;253;1;0;48;2;252;1;0m┈[48;2;252;0;0m [38;2;252;0;0;48;2;252;0;1m┈[38;2;131;6;8;48;2;245;2;2m▗[38;2;27;2;2;48;2;188;6;6m▅[38;2;0;0;1;48;2;4;0;0m╴[48;2;0;0;0m  [38;2;11;0;1;48;2;154;7;8m▋[38;2;116;6;7;48;2;238;5;5m▝[38;2;45;6;6;48;2;135;13;12m▝[38;2;135;6;7;48;2;241;3;4m▎[38;2;223;9;7;48;2;72;4;4m▌[0m[7m[38;2;213;5;6m▘[0m[38;2;208;9;8m▋   [0m
 [7m[38;2;151;11;0m▄[0m[38;2;84;23;0;48;2;25;5;4m╴[38;2;86;10;11;48;2;6;3;4m▃[38;2;75;5;4;48;2;233;5;4m▎[38;2;96;4;4;48;2;224;5;5m▝[38;2;228;7;7;48;2;122;8;7m▊[38;2;2;1;1;48;2;10;1;1m┊[38;2;31;124;121;48;2;9;42;42m▗[38;2;0;5;7;48;2;20;170;170m╸[38;2;20;191;189;48;2;0;10;10m▇[38;2;19;86;84;48;2;31;216;214m▌[38;2;16;113;110;48;2;20;196;196m▖[38;2;28;163;162;48;2;70;57;58m▘[38;2;28;122;120;48;2;98;36;37m▝[38;2;40;160;159;48;2;28;45;45m▗[38;2;12;21;22;48;2;143;7;9m▆[38;2;159;12;12;48;2;12;0;0m▘[38;2;52;2;2;48;2;205;6;7m▌[38;2;252;0;0;48;2;250;2;1m┊[38;2;143;8;7;48;2;235;3;3m▗[38;2;173;5;7;48;2;242;2;3m╸[38;2;159;6;5;48;2;250;1;1m▗[38;2;235;6;6;48;2;249;1;1m▏[38;2;200;13;11;48;2;61;2;2m▍[38;2;168;5;8;48;2;229;8;6m▁[38;2;89;3;3;48;2;157;8;7m┫[38;2;252;0;0;48;2;246;2;2m┊[48;2;252;0;0m  [48;2;207;5;5m▇[48;2;250;0;1m┈[48;2;251;0;0m┊[38;2;100;6;4;48;2;242;2;1m▂[38;2;64;5;4;48;2;211;4;4m▅[38;2;70;9;6;48;2;11;1;1m▏[48;2;0;0;0m    [38;2;9;0;1;48;2;136;5;5m▊[38;2;212;16;15;48;2;249;1;0m▏[38;2;244;2;2;48;2;191;10;9m▇[38;2;252;0;1;48;2;251;1;1m┊[38;2;227;10;9;48;2;131;10;10m▍[38;2;236;7;5;48;2;251;1;1m▎[0m[38;2;213;7;8m▌   [0m
 [38;2;0;0;0m [0m [38;2;114;13;13;48;2;187;9;10m▎[38;2;252;0;1;48;2;245;1;1m┈[48;2;252;0;0m [38;2;252;0;0;48;2;251;0;1m╴[38;2;23;1;1;48;2;176;7;7m▝[38;2;2;0;1;48;2;5;1;1m┊[38;2;2;5;4;48;2;16;145;142m▆[38;2;0;17;17;48;2;16;217;216m▄[38;2;5;34;32;48;2;33;164;163m▄[38;2;22;108;108;48;2;33;170;168m▘[38;2;28;128;127;48;2;129;14;14m▄[38;2;23;142;139;48;2;138;7;7m▃[38;2;95;14;14;48;2;28;147;146m▘[38;2;20;219;219;48;2;23;95;94m▄[38;2;1;13;12;48;2;11;59;58m▉[38;2;18;213;214;48;2;2;0;0m▃[38;2;0;1;0;48;2;22;14;14m╴[38;2;78;16;13;48;2;180;9;9m▋[38;2;81;3;3;48;2;238;5;5m━[38;2;119;6;4;48;2;213;4;3m┛[38;2;252;0;0;48;2;249;1;1m┈[38;2;243;2;1;48;2;163;5;6m▇[38;2;223;4;4;48;2;72;3;4m▄[38;2;24;0;0;48;2;167;7;7m╾[38;2;58;2;3;48;2;167;8;8m▃[38;2;30;1;0;48;2;240;4;5m▃[38;2;27;0;0;48;2;246;2;3m▃[38;2;11;0;0;48;2;230;4;3m▃[38;2;8;0;0;48;2;217;4;4m▄[38;2;10;0;1;48;2;177;8;5m▆[38;2;152;13;12;48;2;25;2;3m━[38;2;221;10;9;48;2;65;4;4m╼[38;2;170;12;11;48;2;10;0;0m▘[38;2;1;0;1;48;2;0;0;0m▝▘ [38;2;90;6;6;48;2;7;0;0m▁[38;2;28;1;2;48;2;212;6;5m▘[38;2;182;7;8;48;2;246;2;1m▗[38;2;163;6;7;48;2;222;5;5m┚[38;2;252;0;1;48;2;250;0;1m┈[38;2;221;7;6;48;2;97;5;5m▌[0m[7m[38;2;208;7;7m▃[0m [38;2;8;8;8m   [0m
 [38;2;0;0;0m  [38;2;160;7;6m▝[38;2;174;8;7;48;2;246;2;1m▁[48;2;252;0;0m [38;2;247;2;2;48;2;195;16;17m▉[38;2;114;7;8;48;2;12;1;1m▎[38;2;27;186;185;48;2;5;34;33m▗[38;2;12;235;232;48;2;9;34;33m▆[38;2;7;48;45;48;2;19;214;213m▘[38;2;19;230;227;48;2;12;77;76m▂[38;2;41;210;207;48;2;17;85;85m╺[38;2;0;28;27;48;2;40;168;168m▂[38;2;3;46;46;48;2;34;177;176m▂[38;2;2;38;36;48;2;33;177;176m▂[38;2;6;31;29;48;2;23;216;213m▅[38;2;23;163;166;48;2;3;19;18m▁[38;2;8;72;72;48;2;33;234;232m▆[38;2;26;101;101;48;2;8;17;18m▏[38;2;17;4;4;48;2;199;11;11m▆[38;2;223;6;6;48;2;53;13;14m▝[38;2;29;2;2;48;2;234;3;3m▄[38;2;40;2;2;48;2;213;4;5m▖[38;2;243;3;3;48;2;250;1;0m▏[38;2;250;2;1;48;2;252;0;1m╶[38;2;228;4;4;48;2;192;7;7m▉[38;2;138;7;7;48;2;193;10;10m▁[38;2;117;7;7;48;2;161;11;11m╴[38;2;149;12;11;48;2;15;0;0m▆[38;2;175;12;10;48;2;19;1;2m▄[38;2;163;12;11;48;2;11;0;0m▃[38;2;148;12;12;48;2;1;0;0m▃[38;2;191;14;14;48;2;5;0;0m▂[38;2;199;7;8;48;2;3;0;0m▂[38;2;208;7;8;48;2;4;0;0m▂[38;2;229;10;6;48;2;17;1;1m▂[38;2;188;8;8;48;2;3;1;1m▄[38;2;195;7;8;48;2;32;2;2m▅[38;2;208;6;6;48;2;152;5;5m▇[38;2;143;7;6;48;2;224;5;5m╸[38;2;98;5;6;48;2;215;6;6m▁[38;2;192;2;2;48;2;242;2;2m▏[38;2;252;1;0;48;2;234;3;3m╴[0m[38;2;162;11;8m▘[0m [38;2;8;8;8m    [0m
 [38;2;0;0;0m  [0m [38;2;133;18;17m▂[38;2;79;7;7;48;2;217;5;5m▅[38;2;52;3;2;48;2;221;5;6m▃[38;2;136;11;11;48;2;35;1;2m▄[38;2;31;221;218;48;2;13;31;31m▝[38;2;17;50;51;48;2;20;196;195m▂[38;2;28;201;199;48;2;23;147;147m▆[38;2;15;124;123;48;2;26;188;188m▃[38;2;25;131;132;48;2;22;210;209m╺[38;2;23;154;155;48;2;20;223;222m┒[38;2;29;146;147;48;2;12;236;234m▂[38;2;39;144;143;48;2;12;235;235m▂[38;2;3;25;23;48;2;16;239;239m▂[38;2;0;3;2;48;2;12;235;235m▂[38;2;0;12;10;48;2;11;240;238m▃[38;2;28;182;178;48;2;3;10;10m▘[38;2;2;20;21;48;2;20;191;189m▘[38;2;29;223;221;48;2;9;46;43m▍[38;2;6;1;0;48;2;138;11;10m▄[38;2;31;3;2;48;2;108;9;9m▊[38;2;229;9;9;48;2;97;5;5m▖[38;2;159;6;6;48;2;239;3;3m▏[38;2;253;1;0;48;2;252;1;0m┈[38;2;108;5;5;48;2;242;3;2m▝[38;2;31;0;0;48;2;175;6;6m╺[38;2;67;3;3;48;2;183;8;6m▃[38;2;132;8;9;48;2;184;7;8m┕[38;2;86;3;4;48;2;200;7;8m╾[38;2;46;1;1;48;2;209;5;6m▂[38;2;43;0;0;48;2;210;5;4m▁[38;2;117;6;7;48;2;219;5;4m▁[38;2;228;4;4;48;2;158;9;9m▆[38;2;93;3;2;48;2;216;6;5m▁[38;2;23;0;0;48;2;208;5;6m▁[38;2;47;3;3;48;2;235;5;5m▃[38;2;81;5;5;48;2;243;4;4m▅[38;2;54;2;2;48;2;178;7;6m┙[38;2;221;6;5;48;2;96;3;3m▆[38;2;50;8;8;48;2;228;4;4m▃[38;2;28;231;231;48;2;60;44;43m▗[38;2;11;71;72;48;2;21;210;208m╾[0m[38;2;18;169;168m▇[38;2;16;212;210m▄[38;2;15;139;137m▁  [0m
 [38;2;0;0;0m   [0m [7m[38;2;158;16;15m▇[0m[38;2;7;1;1m▝[38;2;118;16;16;48;2;6;0;0m▂[38;2;1;0;0;48;2;20;2;2m┈[38;2;149;16;14;48;2;64;4;4m▚[38;2;7;0;0;48;2;2;5;5m╴[38;2;0;5;4;48;2;48;210;206m▇[38;2;0;1;0;48;2;29;202;202m▆[38;2;0;1;1;48;2;36;226;224m▆[38;2;0;1;0;48;2;27;182;183m▆[38;2;0;5;5;48;2;64;206;204m▇[38;2;2;88;86;48;2;1;2;2m▁[38;2;1;78;76;48;2;0;1;0m▁[38;2;2;15;14;48;2;17;190;189m▘[38;2;6;250;249;48;2;16;102;100m▆[38;2;11;249;247;48;2;14;76;77m▖[38;2;12;135;135;48;2;13;239;237m▎[38;2;9;243;242;48;2;6;38;38m▅[38;2;24;129;128;48;2;46;6;5m▖[38;2;149;8;7;48;2;32;1;1m▚[38;2;179;4;4;48;2;239;3;3m▏[38;2;135;2;2;48;2;247;3;2m▁[38;2;253;1;0;48;2;252;0;0m▌[38;2;252;0;0;48;2;252;1;0m╴[38;2;247;2;1;48;2;161;7;7m▇[38;2;229;5;4;48;2;85;4;5m▅[38;2;87;5;4;48;2;225;6;5m▅[38;2;113;7;6;48;2;218;6;4m▂[38;2;231;4;4;48;2;25;1;1m▆[48;2;15;0;0m▅[38;2;226;3;2;48;2;13;0;0m▅[38;2;243;4;3;48;2;35;1;2m▅[48;2;50;2;1m▆[38;2;71;66;65;48;2;195;6;5m▂[38;2;25;219;219;48;2;165;9;8m▃[38;2;21;118;117;48;2;147;7;6m▅[38;2;14;225;224;48;2;43;30;29m▆[38;2;6;252;251;48;2;39;144;142m▇[38;2;11;235;235;48;2;7;65;64m▅[38;2;12;61;59;48;2;18;206;203m▆[38;2;9;49;48;48;2;16;217;215m▃[38;2;17;230;229;48;2;16;106;105m▄[38;2;19;95;94;48;2;18;209;208m▖[0m[38;2;10;239;238m▖ [0m
 [38;2;0;0;0m      [7m[38;2;105;10;11m▇[38;2;121;9;8m▂[0m[38;2;1;0;0;48;2;16;2;1m▇[48;2;0;0;0m   [38;2;0;0;0;48;2;1;8;7m┈[38;2;13;217;215;48;2;8;47;45m▄[38;2;10;236;235;48;2;28;113;113m▇[38;2;8;88;88;48;2;9;250;250m▁[38;2;0;254;254;48;2;8;248;247m┈[38;2;5;251;251;48;2;24;223;224m▉[38;2;17;97;95;48;2;6;251;252m▅[38;2;22;239;238;48;2;13;103;101m▂[38;2;2;253;253;48;2;7;247;246m┊[38;2;4;253;252;48;2;55;221;220m▉[38;2;18;119;117;48;2;2;10;9m▏[38;2;177;10;9;48;2;80;7;6m▝[38;2;43;1;1;48;2;174;7;7m╸[38;2;135;5;4;48;2;247;1;1m▘[38;2;90;4;4;48;2;244;2;3m▗[38;2;25;1;1;48;2;220;5;6m▄[38;2;49;2;2;48;2;182;7;7m━[38;2;251;1;1;48;2;241;4;3m┊[38;2;163;10;9;48;2;19;0;0m▌[38;2;159;8;10;48;2;15;1;1m▁[38;2;226;10;11;48;2;77;5;4m▂[38;2;41;0;0;48;2;197;7;6m╾[38;2;102;6;6;48;2;243;3;2m▃[38;2;253;1;0;48;2;249;2;1m┊[38;2;191;8;7;48;2;58;9;8m▌[0m[7m[38;2;17;194;194m▂[0m[38;2;0;254;252;48;2;3;252;250m┈[38;2;0;254;254;48;2;4;249;248m┈[38;2;8;240;239;48;2;18;114;114m▅[38;2;1;31;28;48;2;18;180;180m╾[38;2;5;25;26;48;2;25;178;177m▃[38;2;3;31;32;48;2;15;209;207m▁[38;2;14;233;232;48;2;0;28;28m▇[38;2;16;247;245;48;2;22;96;93m▆[38;2;20;116;113;48;2;12;228;225m▁[0m[38;2;12;245;243m▘[0m [0m
 [38;2;0;0;0m       [0m  [7m[38;2;3;3;3m▆[0m[38;2;148;18;16;48;2;31;5;5m┗[38;2;21;1;1;48;2;1;0;0m▏[38;2;0;0;0;48;2;2;15;15m┊[38;2;10;47;48;48;2;19;244;242m▅[38;2;13;93;94;48;2;15;206;204m┛[38;2;10;246;245;48;2;0;20;19m▇[38;2;6;250;249;48;2;15;103;104m▅[38;2;6;30;28;48;2;23;171;171m▗[38;2;8;56;57;48;2;22;190;189m▎[38;2;13;83;81;48;2;14;211;210m┐[38;2;25;127;126;48;2;6;247;245m▃[38;2;23;124;123;48;2;8;246;245m▃[38;2;6;16;16;48;2;24;151;152m▝[38;2;1;16;14;48;2;58;31;30m╴[38;2;19;1;1;48;2;234;8;8m▅[38;2;72;6;5;48;2;245;3;2m▅[38;2;157;9;10;48;2;22;1;1m▘[38;2;1;1;2;48;2;26;2;2m┈[38;2;65;3;3;48;2;237;8;8m▆[38;2;222;6;6;48;2;81;4;4m▃[38;2;64;45;46;48;2;157;10;10m▚[38;2;13;233;231;48;2;107;33;34m▄[38;2;11;238;235;48;2;66;6;5m▆[38;2;17;204;203;48;2;106;26;25m▅[38;2;81;43;43;48;2;194;8;7m▖[38;2;127;8;7;48;2;218;9;8m▚[0m[38;2;114;13;13m▏[0m [7m[38;2;19;149;148m▆[38;2;13;225;225m▄[38;2;15;215;215m▃[38;2;20;189;188m▁[0m[38;2;14;237;235;48;2;0;14;12m▆[38;2;14;244;244;48;2;1;8;9m▅[38;2;15;242;241;48;2;0;19;18m▅[38;2;14;212;210;48;2;12;94;93m▆[0m[7m[38;2;23;184;183m▃[0m [38;2;8;8;8m [0m
 [38;2;0;0;0m          [0m [38;2;21;175;175m▂[38;2;10;232;228;48;2;5;31;29m▄[38;2;6;243;243;48;2;16;125;126m▇[48;2;0;254;254m  [38;2;0;254;254;48;2;2;253;253m┈[38;2;19;208;207;48;2;8;47;46m▋[38;2;0;3;3;48;2;16;200;199m▃[38;2;0;2;3;48;2;20;209;208m▃[38;2;0;2;2;48;2;18;186;184m▃[38;2;1;9;9;48;2;29;173;173m▃[38;2;7;27;28;48;2;22;210;208m▃[38;2;8;29;28;48;2;32;158;156m▃[38;2;1;0;1;48;2;1;3;2m┊[38;2;231;7;5;48;2;56;3;3m▝[38;2;42;2;2;48;2;240;5;4m▂[38;2;43;2;2;48;2;235;5;4m▂[38;2;31;2;1;48;2;236;4;4m▃[38;2;16;1;1;48;2;181;6;6m▅[38;2;10;23;22;48;2;24;207;206m▌[38;2;0;254;253;48;2;1;253;252m┊[48;2;0;254;254m  [38;2;35;136;137;48;2;5;249;249m▝[38;2;16;209;209;48;2;167;21;20m▄[38;2;30;106;105;48;2;122;10;10m▂[0m [38;2;19;6;6m   [0m  [7m[38;2;25;142;145m▇[38;2;21;104;103m▇[0m [38;2;8;8;8m   [0m
 [38;2;0;0;0m     [0m [38;2;20;201;201m▂[38;2;11;225;225m▃[38;2;6;243;242m▄[38;2;7;235;233m▆[38;2;3;250;249;48;2;22;114;112m▇[38;2;0;254;254;48;2;1;253;253m┈[38;2;23;245;245;48;2;0;254;254m▁[38;2;23;116;117;48;2;4;252;251m▁[38;2;7;34;34;48;2;7;244;244m▂[38;2;4;24;24;48;2;10;239;238m▄[38;2;4;28;28;48;2;24;184;183m▆[38;2;20;212;211;48;2;6;17;16m▄[38;2;19;131;130;48;2;3;9;9m▁[38;2;0;0;0;48;2;0;1;0m┈[38;2;2;0;1;48;2;0;0;0m▂   [38;2;0;0;0;48;2;0;0;1m▇[48;2;0;0;0m [38;2;0;1;0m▂[38;2;0;0;0;48;2;0;1;2m▇[48;2;0;1;1m┈[38;2;19;211;210;48;2;4;29;28m▗[38;2;27;197;195;48;2;5;21;21m▖[38;2;1;8;8;48;2;18;181;182m▅[38;2;4;22;20;48;2;9;234;233m▃[38;2;5;36;36;48;2;6;240;240m▁[38;2;0;254;254;48;2;4;251;250m┈[48;2;0;254;254m [48;2;3;251;251m┈[0m[38;2;3;248;247m▆[38;2;7;231;230m▅[38;2;6;242;242m▃[38;2;11;228;226m▂[38;2;19;193;191m▁[0m [38;2;15;37;36m      [0m
 [38;2;0;0;0m     [0m [7m[38;2;26;138;136m▇[38;2;22;233;233m▇[38;2;23;180;180m▆[38;2;26;188;189m▆[38;2;20;241;240m▇[38;2;28;224;224m▇[0m[38;2;172;7;7;48;2;43;25;25m▗[38;2;245;3;3;48;2;37;4;3m▅[38;2;193;4;5;48;2;38;3;4m▅[38;2;0;0;0;48;2;9;0;1m┊[48;2;1;5;5m╴[38;2;9;57;57;48;2;16;222;221m▖[38;2;38;130;131;48;2;6;245;244m▁[38;2;20;241;238;48;2;25;57;55m╸[38;2;216;6;6;48;2;34;82;81m▂[38;2;241;4;3;48;2;35;54;54m▃[38;2;242;3;3;48;2;16;1;1m▄[38;2;247;2;2;48;2;29;1;1m▄[38;2;245;3;2;48;2;20;1;1m▄[38;2;220;4;3;48;2;4;0;0m▄[38;2;193;5;5;48;2;14;54;53m▃[38;2;29;183;181;48;2;37;46;44m━[38;2;17;228;227;48;2;13;71;71m▆[38;2;15;95;93;48;2;9;239;237m▂[38;2;21;141;142;48;2;1;3;4m▘[38;2;0;0;2;48;2;3;0;1m┊[38;2;213;6;6;48;2;46;3;3m▗[38;2;246;2;3;48;2;38;3;3m▅[38;2;224;6;7;48;2;33;24;22m▄[0m[7m[38;2;28;51;51m╺[38;2;16;242;241m▆[38;2;11;203;203m▅[38;2;17;210;210m▅[38;2;5;248;249m▆[38;2;10;244;240m▆[38;2;20;203;202m▆[0m [38;2;8;9;9m      [0m
 [38;2;0;0;0m            [0m [7m[38;2;192;5;5m▅[38;2;228;3;4m▂[38;2;210;4;4m▁[0m[38;2;208;5;5;48;2;19;0;0m▆[38;2;211;4;4;48;2;17;2;2m▆[38;2;203;4;4;48;2;31;5;7m▇[38;2;115;5;5;48;2;239;3;4m▂[38;2;82;5;5;48;2;241;3;3m▃[38;2;43;0;0;48;2;191;4;4m╼[38;2;28;0;0;48;2;219;5;4m━[38;2;9;0;0;48;2;197;6;5m━[38;2;20;0;0;48;2;212;5;4m━[38;2;52;3;3;48;2;194;4;4m┭[38;2;163;13;13;48;2;213;5;4m╴[38;2;136;7;7;48;2;247;2;2m▂[38;2;234;4;4;48;2;48;6;5m▇[38;2;246;3;3;48;2;19;1;2m▆[38;2;247;3;3;48;2;24;1;0m▆[38;2;229;4;3;48;2;99;6;6m▇[0m[7m[38;2;238;2;3m▂[38;2;210;5;3m▄[38;2;116;8;8m▇[0m[38;2;15;8;8m              [0m
 [38;2;0;0;0m               [0m [38;2;126;8;9m▝[7m[38;2;192;5;6m▃[38;2;234;5;5m▂[0m[38;2;103;5;5;48;2;198;6;5m┎[38;2;232;3;3;48;2;150;7;7m▅[38;2;252;0;0;48;2;250;1;1m┈[38;2;253;1;0;48;2;252;0;0m╴  [38;2;252;0;0;48;2;245;2;1m┈[38;2;153;7;7;48;2;207;6;5m┖[38;2;100;9;9;48;2;236;5;4m▂[0m[7m[38;2;207;4;5m▂[38;2;166;7;9m▄[38;2;77;7;8m▆[0m [38;2;8;8;8m                 [0m
 [38;2;0;0;0m                  [0m [38;2;163;9;7m▝[7m[38;2;235;3;2m▃[38;2;243;2;2m▁[0m[38;2;88;13;12;48;2;251;1;0m▁[38;2;61;4;4;48;2;247;2;1m▁[38;2;93;13;12;48;2;250;0;0m▁[0m[7m[38;2;240;2;2m▁[38;2;225;4;3m▃[0m  [38;2;8;8;8m                    [0m
[?25h
